Latitude: 23.4995673
Longitude: 90.2838058
Accuracy: 60

